58
NULL 0 NULL 0
Joined 0 0,255,0,255,0,0,0,0,0,0 NULL 0 0 0 	# Joined [4a 6f 69 6e 65 64 ]
|Broken|0|1 0 0,255,0,255,0,0,0,0,0,0 NULL 0 0 0 	# Broken
1 0 0,255,0,255,0,0,0,0,0,0 NULL 0 0 0 	# 1 [31 ]
ד 0 0,255,0,255,0,0,0,0,0,0 NULL 0 0 0 	# ד [5d3 ]
" 0 0,255,0,255,0,0,0,0,0,0 NULL 0 0 0 	# " [22 ]
ס 0 0,255,0,255,0,0,0,0,0,0 NULL 0 0 0 	# ס [5e1 ]
ב 0 0,255,0,255,0,0,0,0,0,0 NULL 0 0 0 	# ב [5d1 ]
ה 0 0,255,0,255,0,0,0,0,0,0 NULL 0 0 0 	# ה [5d4 ]
ז 0 0,255,0,255,0,0,0,0,0,0 NULL 0 0 0 	# ז [5d6 ]
ו 0 0,255,0,255,0,0,0,0,0,0 NULL 0 0 0 	# ו [5d5 ]
א 0 0,255,0,255,0,0,0,0,0,0 NULL 0 0 0 	# א [5d0 ]
ר 0 0,255,0,255,0,0,0,0,0,0 NULL 0 0 0 	# ר [5e8 ]
ק 0 0,255,0,255,0,0,0,0,0,0 NULL 0 0 0 	# ק [5e7 ]
פ 0 0,255,0,255,0,0,0,0,0,0 NULL 0 0 0 	# פ [5e4 ]
כ 0 0,255,0,255,0,0,0,0,0,0 NULL 0 0 0 	# כ [5db ]
י 0 0,255,0,255,0,0,0,0,0,0 NULL 0 0 0 	# י [5d9 ]
5 0 0,255,0,255,0,0,0,0,0,0 NULL 0 0 0 	# 5 [35 ]
3 0 0,255,0,255,0,0,0,0,0,0 NULL 0 0 0 	# 3 [33 ]
0 0 0,255,0,255,0,0,0,0,0,0 NULL 0 0 0 	# 0 [30 ]
6 0 0,255,0,255,0,0,0,0,0,0 NULL 0 0 0 	# 6 [36 ]
7 0 0,255,0,255,0,0,0,0,0,0 NULL 0 0 0 	# 7 [37 ]
8 0 0,255,0,255,0,0,0,0,0,0 NULL 0 0 0 	# 8 [38 ]
2 0 0,255,0,255,0,0,0,0,0,0 NULL 0 0 0 	# 2 [32 ]
ש 0 0,255,0,255,0,0,0,0,0,0 NULL 0 0 0 	# ש [5e9 ]
מ 0 0,255,0,255,0,0,0,0,0,0 NULL 0 0 0 	# מ [5de ]
. 0 0,255,0,255,0,0,0,0,0,0 NULL 0 0 0 	# . [2e ]
ע 0 0,255,0,255,0,0,0,0,0,0 NULL 0 0 0 	# ע [5e2 ]
/ 0 0,255,0,255,0,0,0,0,0,0 NULL 0 0 0 	# / [2f ]
ח 0 0,255,0,255,0,0,0,0,0,0 NULL 0 0 0 	# ח [5d7 ]
4 0 0,255,0,255,0,0,0,0,0,0 NULL 0 0 0 	# 4 [34 ]
: 0 0,255,0,255,0,0,0,0,0,0 NULL 0 0 0 	# : [3a ]
` 0 0,255,0,255,0,0,0,0,0,0 NULL 0 0 0 	# ` [60 ]
ל 0 0,255,0,255,0,0,0,0,0,0 NULL 0 0 0 	# ל [5dc ]
ט 0 0,255,0,255,0,0,0,0,0,0 NULL 0 0 0 	# ט [5d8 ]
- 0 0,255,0,255,0,0,0,0,0,0 NULL 0 0 0 	# - [2d ]
9 0 0,255,0,255,0,0,0,0,0,0 NULL 0 0 0 	# 9 [39 ]
ך 0 0,255,0,255,0,0,0,0,0,0 NULL 0 0 0 	# ך [5da ]
ת 0 0,255,0,255,0,0,0,0,0,0 NULL 0 0 0 	# ת [5ea ]
( 0 0,255,0,255,0,0,0,0,0,0 NULL 0 0 0 	# ( [28 ]
) 0 0,255,0,255,0,0,0,0,0,0 NULL 0 0 0 	# ) [29 ]
נ 0 0,255,0,255,0,0,0,0,0,0 NULL 0 0 0 	# נ [5e0 ]
ם 0 0,255,0,255,0,0,0,0,0,0 NULL 0 0 0 	# ם [5dd ]
ף 0 0,255,0,255,0,0,0,0,0,0 NULL 0 0 0 	# ף [5e3 ]
₪ 0 0,255,0,255,0,0,0,0,0,0 NULL 0 0 0 	# ₪ [20aa ]
ן 0 0,255,0,255,0,0,0,0,0,0 NULL 0 0 0 	# ן [5df ]
# 0 0,255,0,255,0,0,0,0,0,0 NULL 0 0 0 	# # [23 ]
\ 0 0,255,0,255,0,0,0,0,0,0 NULL 0 0 0 	# \ [5c ]
* 0 0,255,0,255,0,0,0,0,0,0 NULL 0 0 0 	# * [2a ]
ג 0 0,255,0,255,0,0,0,0,0,0 NULL 0 0 0 	# ג [5d2 ]
! 0 0,255,0,255,0,0,0,0,0,0 NULL 0 0 0 	# ! [21 ]
צ 0 0,255,0,255,0,0,0,0,0,0 NULL 0 0 0 	# צ [5e6 ]
ץ 0 0,255,0,255,0,0,0,0,0,0 NULL 0 0 0 	# ץ [5e5 ]
% 0 0,255,0,255,0,0,0,0,0,0 NULL 0 0 0 	# % [25 ]
״ 0 0,255,0,255,0,0,0,0,0,0 NULL 0 0 0 	# ״ [5f4 ]
? 0 0,255,0,255,0,0,0,0,0,0 NULL 0 0 0 	# ? [3f ]
@ 0 0,255,0,255,0,0,0,0,0,0 NULL 0 0 0 	# @ [40 ]
, 0 0,255,0,255,0,0,0,0,0,0 NULL 0 0 0 	# , [2c ]
