4
linear   essential      -0.250000   0.750000
linear   non-essential   0.000000   1.000000
linear   essential       0.000000   1.000000
linear   essential       0.000000   1.000000

ס 1
significant   elliptical    79
	  0.289656  0.286912  0.165793  0.147449
	  0.002925  0.002917  0.000400  0.000675

ב 1
significant   elliptical   100
	  0.225508  0.236727  0.192734  0.128125
	  0.000400  0.000400  0.000400  0.000400

ת 1
significant   elliptical   100
	  0.278672  0.276773  0.169023  0.152500
	  0.000400  0.000400  0.000400  0.000400

ו 1
significant   elliptical   100
	  0.285820  0.133809  0.166680  0.050820
	  0.000400  0.000400  0.000400  0.000400

ר 1
significant   elliptical   100
	  0.333125  0.176453  0.166211  0.132188
	  0.000400  0.000400  0.000400  0.000400

מ 1
significant   elliptical    99
	  0.254301  0.307311  0.173532  0.158065
	  0.000400  0.000400  0.000400  0.000400

ל 1
significant   elliptical   100
	  0.344375  0.249430  0.188633  0.135273
	  0.000400  0.000400  0.000400  0.000400

ש 1
significant   elliptical    98
	  0.256497  0.363349  0.161472  0.150430
	  0.000400  0.000400  0.000400  0.000400

ד 1
significant   elliptical    83
	  0.340832  0.184342  0.164627  0.118882
	  0.000400  0.000400  0.000400  0.000400

נ 1
significant   elliptical    98
	  0.239517  0.151439  0.174306  0.060587
	  0.000400  0.000400  0.000400  0.000400

ג 1
significant   elliptical    49
	  0.229114  0.174960  0.174107  0.078284
	  0.000400  0.000400  0.000400  0.000400

ה 1
significant   elliptical   100
	  0.281953  0.244555  0.169414  0.161172
	  0.000400  0.000400  0.000400  0.000400

כ 1
significant   elliptical    70
	  0.251563  0.224358  0.189118  0.134821
	  0.000400  0.000400  0.000400  0.000400

ע 1
significant   elliptical    89
	  0.240344  0.280056  0.169637  0.142644
	  0.000400  0.000400  0.000400  0.000400

י 1
significant   elliptical    99
	  0.403725  0.079782  0.078835  0.057647
	  0.000400  0.000400  0.000400  0.000400

א 1
significant   elliptical    97
	  0.249758  0.327883  0.159673  0.156653
	  0.000400  0.000400  0.000400  0.000400

ח 1
significant   elliptical    81
	  0.293933  0.270882  0.165750  0.144483
	  0.000400  0.000400  0.000400  0.000400

4 1
significant   elliptical     9
	  0.305990  0.333637  0.189670  0.104601
	  0.000400  0.001784  0.000400  0.000400

- 1
significant   elliptical    20
	  0.321094  0.101484  0.023438  0.144336
	  0.006410  0.000400  0.000400  0.000400

פ 1
significant   elliptical    73
	  0.255244  0.305849  0.177601  0.126819
	  0.000400  0.000400  0.000400  0.000400

ם 1
significant   elliptical    99
	  0.256392  0.314796  0.177557  0.149700
	  0.000400  0.000400  0.000400  0.000400

צ 1
significant   elliptical    55
	  0.270455  0.266960  0.167543  0.122514
	  0.007516  0.003637  0.001092  0.000400

' 1
significant   elliptical    35
	  0.033817  0.090536  0.112723  0.065290
	  0.001337  0.000400  0.000400  0.000400

ט 1
significant   elliptical    51
	  0.267770  0.317394  0.158165  0.146752
	  0.000400  0.000400  0.000400  0.000400

ן 1
significant   elliptical    59
	  0.161282  0.176596  0.235832  0.041777
	  0.001451  0.000400  0.000400  0.000400

ז 1
significant   elliptical    40
	  0.307617  0.149287  0.168457  0.061426
	  0.000400  0.000400  0.000400  0.000400

. 1
significant   elliptical    32
	  0.057129  0.051819  0.053101  0.057007
	  0.000400  0.000400  0.000400  0.000400

ק 1
significant   elliptical    78
	  0.220453  0.331000  0.207081  0.124149
	  0.000400  0.000400  0.000400  0.000400

3 1
significant   elliptical     9
	  0.311632  0.256597  0.220486  0.101562
	  0.000400  0.004573  0.000400  0.001339

0 1
significant   elliptical    34
	  0.316636  0.320588  0.206801  0.139591
	  0.000400  0.002353  0.000400  0.000400

ך 1
significant   elliptical    21
	  0.223958  0.239044  0.247582  0.107515
	  0.000400  0.000660  0.000419  0.000400

: 1
significant   elliptical    17
	  0.226333  0.133938  0.140855  0.081801
	  0.001634  0.002726  0.001500  0.002015

" 1
significant   elliptical    17
	  0.494715  0.160386  0.102941  0.109605
	  0.000400  0.000400  0.000400  0.000400

2 1
significant   elliptical    24
	  0.294108  0.292969  0.220215  0.119141
	  0.001442  0.001720  0.000400  0.000400

7 1
significant   elliptical     5
	  0.415625  0.216328  0.203125  0.107813
	  0.000400  0.000400  0.000400  0.000400

) 1
significant   elliptical    20
	  0.257617  0.196406  0.181250  0.100586
	  0.000956  0.001489  0.001641  0.001701

* 1
significant   elliptical     8
	  0.371094  0.181201  0.112793  0.105469
	  0.004918  0.000400  0.000400  0.000400

@ 1
significant   elliptical     4
	  0.400391  0.615137  0.242188  0.180664
	  0.000400  0.000400  0.000400  0.000400

5 1
significant   elliptical     6
	  0.320964  0.336133  0.219401  0.119792
	  0.000400  0.000400  0.000400  0.000400

E 1
significant   elliptical     3
	  0.263021  0.207813  0.263021  0.054688
	  0.000400  0.000400  0.000400  0.000400

l 1
significant   elliptical     8
	  0.253906  0.158203  0.226562  0.023438
	  0.000400  0.000400  0.000400  0.000400

1 1
significant   elliptical    19
	  0.274465  0.228886  0.229646  0.089638
	  0.000400  0.000400  0.000400  0.000400

/ 1
significant   elliptical     4
	  0.309570  0.175781  0.227539  0.110352
	  0.000400  0.000400  0.000400  0.000400

ף 1
significant   elliptical    16
	  0.227539  0.284619  0.223145  0.135498
	  0.000400  0.000400  0.000400  0.000400

6 1
significant   elliptical     5
	  0.295312  0.333594  0.200000  0.124219
	  0.000400  0.000400  0.000400  0.000400

% 1
significant   elliptical     8
	  0.319824  0.355127  0.181152  0.109863
	  0.000521  0.004501  0.000536  0.000400

( 1
significant   elliptical     9
	  0.255208  0.180642  0.201389  0.078993
	  0.000400  0.000400  0.001999  0.001479

8 1
significant   elliptical     9
	  0.296007  0.336545  0.192708  0.120660
	  0.001315  0.000876  0.000400  0.000400

9 1
significant   elliptical     8
	  0.329590  0.335059  0.199219  0.119141
	  0.000400  0.000400  0.000400  0.000400

M 1
significant   elliptical     2
	  0.373047  0.577734  0.222656  0.179688
	  0.000400  0.000400  0.000400  0.000400

a 1
significant   elliptical     1
	  0.250000  0.276172  0.164062  0.109375
	  0.000400  0.000400  0.000400  0.000400
